(kicad_pcb (version 20171130) (host pcbnew "(5.1.5-0-10_14)")

  (general
    (thickness 1.6)
    (drawings 30)
    (tracks 176)
    (zones 0)
    (modules 48)
    (nets 52)
  )

  (page A4)
  (layers
    (0 F.Cu signal)
    (31 B.Cu signal)
    (32 B.Adhes user)
    (33 F.Adhes user)
    (34 B.Paste user)
    (35 F.Paste user)
    (36 B.SilkS user)
    (37 F.SilkS user)
    (38 B.Mask user)
    (39 F.Mask user)
    (40 Dwgs.User user)
    (41 Cmts.User user)
    (42 Eco1.User user)
    (43 Eco2.User user)
    (44 Edge.Cuts user)
    (45 Margin user)
    (46 B.CrtYd user)
    (47 F.CrtYd user)
    (48 B.Fab user)
    (49 F.Fab user)
  )

  (setup
    (last_trace_width 0.25)
    (user_trace_width 0.4)
    (user_trace_width 0.5)
    (user_trace_width 1)
    (trace_clearance 0.2)
    (zone_clearance 0.508)
    (zone_45_only no)
    (trace_min 0.2)
    (via_size 0.8)
    (via_drill 0.4)
    (via_min_size 0.4)
    (via_min_drill 0.3)
    (uvia_size 0.3)
    (uvia_drill 0.1)
    (uvias_allowed no)
    (uvia_min_size 0.2)
    (uvia_min_drill 0.1)
    (edge_width 0.05)
    (segment_width 0.2)
    (pcb_text_width 0.3)
    (pcb_text_size 1.5 1.5)
    (mod_edge_width 0.12)
    (mod_text_size 1 1)
    (mod_text_width 0.15)
    (pad_size 1.7 1.7)
    (pad_drill 1)
    (pad_to_mask_clearance 0.051)
    (solder_mask_min_width 0.25)
    (aux_axis_origin 0 0)
    (visible_elements FFFFFF7F)
    (pcbplotparams
      (layerselection 0x010f0_ffffffff)
      (usegerberextensions false)
      (usegerberattributes false)
      (usegerberadvancedattributes false)
      (creategerberjobfile false)
      (excludeedgelayer true)
      (linewidth 0.100000)
      (plotframeref false)
      (viasonmask false)
      (mode 1)
      (useauxorigin false)
      (hpglpennumber 1)
      (hpglpenspeed 20)
      (hpglpendiameter 15.000000)
      (psnegative false)
      (psa4output false)
      (plotreference true)
      (plotvalue true)
      (plotinvisibletext false)
      (padsonsilk false)
      (subtractmaskfromsilk false)
      (outputformat 1)
      (mirror false)
      (drillshape 0)
      (scaleselection 1)
      (outputdirectory "gerber/"))
  )

  (net 0 "")
  (net 1 "Net-(A1-Pad17)")
  (net 2 "Net-(A1-Pad18)")
  (net 3 "Net-(A1-Pad3)")
  (net 4 "Net-(A1-Pad19)")
  (net 5 GND)
  (net 6 "Net-(A1-Pad20)")
  (net 7 "Net-(A1-Pad21)")
  (net 8 "Net-(A1-Pad22)")
  (net 9 "Net-(A1-Pad23)")
  (net 10 "Net-(A1-Pad24)")
  (net 11 "Net-(A1-Pad25)")
  (net 12 "Net-(A1-Pad26)")
  (net 13 "Net-(A1-Pad28)")
  (net 14 "Net-(D1-Pad1)")
  (net 15 "Net-(D1-Pad2)")
  (net 16 "Net-(D3-Pad2)")
  (net 17 "Net-(D4-Pad2)")
  (net 18 "Net-(D5-Pad2)")
  (net 19 "Net-(D6-Pad2)")
  (net 20 "Net-(D7-Pad2)")
  (net 21 "Net-(D8-Pad2)")
  (net 22 "Net-(D9-Pad2)")
  (net 23 "Net-(D10-Pad2)")
  (net 24 "Net-(D11-Pad2)")
  (net 25 "Net-(D12-Pad2)")
  (net 26 "Net-(D13-Pad2)")
  (net 27 "Net-(J2-Pad5)")
  (net 28 "Net-(J4-Pad5)")
  (net 29 "Net-(J4-Pad4)")
  (net 30 "Net-(U1-Pad1)")
  (net 31 "Net-(U1-Pad4)")
  (net 32 +12V)
  (net 33 -12V)
  (net 34 /A_TX)
  (net 35 /A_RX)
  (net 36 /A_D2)
  (net 37 /A_D3)
  (net 38 /A_D4)
  (net 39 /A_D5)
  (net 40 /A_D6)
  (net 41 /A_D7)
  (net 42 /A_D8)
  (net 43 /+5v)
  (net 44 /A_D9)
  (net 45 /A_D10)
  (net 46 /A_D11)
  (net 47 /A_VIN)
  (net 48 /A_D12)
  (net 49 /A_D13)
  (net 50 "Net-(D2-Pad2)")
  (net 51 "Net-(R4-Pad2)")

  (net_class Default "This is the default net class."
    (clearance 0.2)
    (trace_width 0.25)
    (via_dia 0.8)
    (via_drill 0.4)
    (uvia_dia 0.3)
    (uvia_drill 0.1)
    (add_net +12V)
    (add_net -12V)
    (add_net /+5v)
    (add_net /A_D10)
    (add_net /A_D11)
    (add_net /A_D12)
    (add_net /A_D13)
    (add_net /A_D2)
    (add_net /A_D3)
    (add_net /A_D4)
    (add_net /A_D5)
    (add_net /A_D6)
    (add_net /A_D7)
    (add_net /A_D8)
    (add_net /A_D9)
    (add_net /A_RX)
    (add_net /A_TX)
    (add_net /A_VIN)
    (add_net GND)
    (add_net "Net-(A1-Pad17)")
    (add_net "Net-(A1-Pad18)")
    (add_net "Net-(A1-Pad19)")
    (add_net "Net-(A1-Pad20)")
    (add_net "Net-(A1-Pad21)")
    (add_net "Net-(A1-Pad22)")
    (add_net "Net-(A1-Pad23)")
    (add_net "Net-(A1-Pad24)")
    (add_net "Net-(A1-Pad25)")
    (add_net "Net-(A1-Pad26)")
    (add_net "Net-(A1-Pad28)")
    (add_net "Net-(A1-Pad3)")
    (add_net "Net-(D1-Pad1)")
    (add_net "Net-(D1-Pad2)")
    (add_net "Net-(D10-Pad2)")
    (add_net "Net-(D11-Pad2)")
    (add_net "Net-(D12-Pad2)")
    (add_net "Net-(D13-Pad2)")
    (add_net "Net-(D2-Pad2)")
    (add_net "Net-(D3-Pad2)")
    (add_net "Net-(D4-Pad2)")
    (add_net "Net-(D5-Pad2)")
    (add_net "Net-(D6-Pad2)")
    (add_net "Net-(D7-Pad2)")
    (add_net "Net-(D8-Pad2)")
    (add_net "Net-(D9-Pad2)")
    (add_net "Net-(J2-Pad5)")
    (add_net "Net-(J4-Pad4)")
    (add_net "Net-(J4-Pad5)")
    (add_net "Net-(R4-Pad2)")
    (add_net "Net-(U1-Pad1)")
    (add_net "Net-(U1-Pad4)")
  )

  (module Connector_PinHeader_2.54mm:PinHeader_1x02_P2.54mm_Vertical (layer B.Cu) (tedit 5E497E56) (tstamp 5E49938B)
    (at 50.8 107.95 90)
    (descr "Through hole straight pin header, 1x02, 2.54mm pitch, single row")
    (tags "Through hole pin header THT 1x02 2.54mm single row")
    (path /5E49C64C)
    (fp_text reference J2 (at 0 2.33 90) (layer B.SilkS) hide
      (effects (font (size 1 1) (thickness 0.15)) (justify mirror))
    )
    (fp_text value "MIDI IN" (at 0 -4.87 90) (layer B.Fab)
      (effects (font (size 1 1) (thickness 0.15)) (justify mirror))
    )
    (fp_line (start -0.635 1.27) (end 1.27 1.27) (layer B.Fab) (width 0.1))
    (fp_line (start 1.27 1.27) (end 1.27 -3.81) (layer B.Fab) (width 0.1))
    (fp_line (start 1.27 -3.81) (end -1.27 -3.81) (layer B.Fab) (width 0.1))
    (fp_line (start -1.27 -3.81) (end -1.27 0.635) (layer B.Fab) (width 0.1))
    (fp_line (start -1.27 1.27) (end -0.635 1.27) (layer B.Fab) (width 0.1))
    (fp_line (start -1.33 -3.87) (end 1.33 -3.87) (layer B.SilkS) (width 0.12))
    (fp_line (start -1.33 -1.27) (end -1.33 -3.87) (layer B.SilkS) (width 0.12))
    (fp_line (start 1.33 -1.27) (end 1.33 -3.87) (layer B.SilkS) (width 0.12))
    (fp_line (start -1.33 0) (end -1.33 1.33) (layer B.SilkS) (width 0.12))
    (fp_line (start -1.33 1.33) (end 0 1.33) (layer B.SilkS) (width 0.12))
    (fp_line (start -1.8 1.8) (end -1.8 -4.35) (layer B.CrtYd) (width 0.05))
    (fp_line (start -1.8 -4.35) (end 1.8 -4.35) (layer B.CrtYd) (width 0.05))
    (fp_line (start 1.8 -4.35) (end 1.8 1.8) (layer B.CrtYd) (width 0.05))
    (fp_line (start 1.8 1.8) (end -1.8 1.8) (layer B.CrtYd) (width 0.05))
    (fp_text user %R (at 0 -1.27) (layer B.Fab)
      (effects (font (size 1 1) (thickness 0.15)) (justify mirror))
    )
    (fp_line (start -1.27 1.27) (end -1.27 0.635) (layer B.Fab) (width 0.12))
    (fp_line (start 0 1.33) (end 1.27 1.27) (layer B.SilkS) (width 0.12))
    (fp_line (start 1.27 1.27) (end 1.27 -1.27) (layer B.SilkS) (width 0.12))
    (fp_line (start -1.33 0) (end -1.33 -1.27) (layer B.SilkS) (width 0.12))
    (pad 1 thru_hole circle (at 0 0 90) (size 1.7 1.7) (drill 1) (layers *.Cu *.Mask)
      (net 15 "Net-(D1-Pad2)"))
    (pad 2 thru_hole oval (at 0 -2.54 90) (size 1.7 1.7) (drill 1) (layers *.Cu *.Mask)
      (net 27 "Net-(J2-Pad5)"))
    (model ${KISYS3DMOD}/Connector_PinHeader_2.54mm.3dshapes/PinHeader_1x02_P2.54mm_Vertical.wrl
      (at (xyz 0 0 0))
      (scale (xyz 1 1 1))
      (rotate (xyz 0 0 0))
    )
  )

  (module Connector_PinHeader_2.54mm:PinHeader_2x05_P2.54mm_Vertical (layer B.Cu) (tedit 5E493D6E) (tstamp 5E47527E)
    (at 59.69 99.06 180)
    (descr "Through hole straight pin header, 2x05, 2.54mm pitch, double rows")
    (tags "Through hole pin header THT 2x05 2.54mm double row")
    (path /5E488E53)
    (fp_text reference J3 (at 1.27 2.33) (layer B.SilkS) hide
      (effects (font (size 1 1) (thickness 0.15)) (justify mirror))
    )
    (fp_text value "EURORACK POWERCONNECTOR" (at 1.27 -12.49) (layer B.Fab) hide
      (effects (font (size 1 1) (thickness 0.15)) (justify mirror))
    )
    (fp_line (start 0 1.27) (end 3.81 1.27) (layer B.Fab) (width 0.1))
    (fp_line (start 3.81 1.27) (end 3.81 -11.43) (layer B.Fab) (width 0.1))
    (fp_line (start 3.81 -11.43) (end -1.27 -11.43) (layer B.Fab) (width 0.1))
    (fp_line (start -1.27 -11.43) (end -1.27 0) (layer B.Fab) (width 0.1))
    (fp_line (start -1.27 1.27) (end 0 1.27) (layer B.Fab) (width 0.1))
    (fp_line (start -1.33 -11.49) (end 3.87 -11.49) (layer B.SilkS) (width 0.12))
    (fp_line (start -1.33 -1.27) (end -1.33 -11.49) (layer B.SilkS) (width 0.12))
    (fp_line (start 3.87 1.33) (end 3.87 -11.49) (layer B.SilkS) (width 0.12))
    (fp_line (start -1.33 -1.27) (end -1.33 0) (layer B.SilkS) (width 0.12))
    (fp_line (start 0 1.33) (end 1.27 1.33) (layer B.SilkS) (width 0.12))
    (fp_line (start 1.27 1.33) (end 3.87 1.33) (layer B.SilkS) (width 0.12))
    (fp_line (start -1.33 0) (end -1.33 1.33) (layer B.SilkS) (width 0.12))
    (fp_line (start -1.33 1.33) (end 0 1.33) (layer B.SilkS) (width 0.12))
    (fp_line (start -1.8 1.8) (end -1.8 -11.95) (layer B.CrtYd) (width 0.05))
    (fp_line (start -1.8 -11.95) (end 4.35 -11.95) (layer B.CrtYd) (width 0.05))
    (fp_line (start 4.35 -11.95) (end 4.35 1.8) (layer B.CrtYd) (width 0.05))
    (fp_line (start 4.35 1.8) (end -1.8 1.8) (layer B.CrtYd) (width 0.05))
    (fp_text user %R (at 1.27 -5.08 270) (layer B.Fab)
      (effects (font (size 1 1) (thickness 0.15)) (justify mirror))
    )
    (fp_line (start -1.27 1.27) (end -1.27 0) (layer B.Fab) (width 0.12))
    (pad 1 thru_hole circle (at 0 0 180) (size 1.7 1.7) (drill 1) (layers *.Cu *.Mask)
      (net 32 +12V))
    (pad 2 thru_hole oval (at 2.54 0 180) (size 1.7 1.7) (drill 1) (layers *.Cu *.Mask)
      (net 32 +12V))
    (pad 3 thru_hole oval (at 0 -2.54 180) (size 1.7 1.7) (drill 1) (layers *.Cu *.Mask)
      (net 5 GND))
    (pad 4 thru_hole oval (at 2.54 -2.54 180) (size 1.7 1.7) (drill 1) (layers *.Cu *.Mask)
      (net 5 GND))
    (pad 5 thru_hole oval (at 0 -5.08 180) (size 1.7 1.7) (drill 1) (layers *.Cu *.Mask)
      (net 5 GND))
    (pad 6 thru_hole oval (at 2.54 -5.08 180) (size 1.7 1.7) (drill 1) (layers *.Cu *.Mask)
      (net 5 GND))
    (pad 7 thru_hole oval (at 0 -7.62 180) (size 1.7 1.7) (drill 1) (layers *.Cu *.Mask)
      (net 5 GND))
    (pad 8 thru_hole oval (at 2.54 -7.62 180) (size 1.7 1.7) (drill 1) (layers *.Cu *.Mask)
      (net 5 GND))
    (pad 9 thru_hole oval (at 0 -10.16 180) (size 1.7 1.7) (drill 1) (layers *.Cu *.Mask)
      (net 33 -12V))
    (pad 10 thru_hole oval (at 2.54 -10.16 180) (size 1.7 1.7) (drill 1) (layers *.Cu *.Mask)
      (net 33 -12V))
    (model ${KISYS3DMOD}/Connector_PinHeader_2.54mm.3dshapes/PinHeader_2x05_P2.54mm_Vertical.wrl
      (at (xyz 0 0 0))
      (scale (xyz 1 1 1))
      (rotate (xyz 0 0 0))
    )
  )

  (module Module:Arduino_Nano (layer B.Cu) (tedit 5E4BFD88) (tstamp 5E47C1E9)
    (at 60.96 44.45 180)
    (descr "Arduino Nano, http://www.mouser.com/pdfdocs/Gravitech_Arduino_Nano3_0.pdf")
    (tags "Arduino Nano")
    (path /5E46CEA7)
    (fp_text reference "Arduino Nano" (at 7.62 -8.89) (layer B.SilkS) hide
      (effects (font (size 1 1) (thickness 0.15)) (justify mirror))
    )
    (fp_text value Arduino_Nano_v3.x (at 8.89 -19.05 270) (layer B.Fab)
      (effects (font (size 1 1) (thickness 0.15)) (justify mirror))
    )
    (fp_text user %R (at 6.35 -19.05 270) (layer B.Fab)
      (effects (font (size 1 1) (thickness 0.15)) (justify mirror))
    )
    (fp_line (start 1.27 -1.27) (end 1.27 1.27) (layer B.SilkS) (width 0.12))
    (fp_line (start 1.27 1.27) (end -1.4 1.27) (layer B.SilkS) (width 0.12))
    (fp_line (start -1.4 -1.27) (end -1.4 -39.5) (layer B.SilkS) (width 0.12))
    (fp_line (start -1.4 3.94) (end -1.4 1.27) (layer B.SilkS) (width 0.12))
    (fp_line (start 13.97 1.27) (end 16.64 1.27) (layer B.SilkS) (width 0.12))
    (fp_line (start 13.97 1.27) (end 13.97 -36.83) (layer B.SilkS) (width 0.12))
    (fp_line (start 13.97 -36.83) (end 16.64 -36.83) (layer B.SilkS) (width 0.12))
    (fp_line (start 1.27 -1.27) (end -1.4 -1.27) (layer B.SilkS) (width 0.12))
    (fp_line (start 1.27 -1.27) (end 1.27 -36.83) (layer B.SilkS) (width 0.12))
    (fp_line (start 1.27 -36.83) (end -1.4 -36.83) (layer B.SilkS) (width 0.12))
    (fp_line (start 3.81 -31.75) (end 11.43 -31.75) (layer B.Fab) (width 0.1))
    (fp_line (start 11.43 -31.75) (end 11.43 -41.91) (layer B.Fab) (width 0.1))
    (fp_line (start 11.43 -41.91) (end 3.81 -41.91) (layer B.Fab) (width 0.1))
    (fp_line (start 3.81 -41.91) (end 3.81 -31.75) (layer B.Fab) (width 0.1))
    (fp_line (start -1.4 -39.5) (end 16.64 -39.5) (layer B.SilkS) (width 0.12))
    (fp_line (start 16.64 -39.5) (end 16.64 3.94) (layer B.SilkS) (width 0.12))
    (fp_line (start 16.64 3.94) (end -1.4 3.94) (layer B.SilkS) (width 0.12))
    (fp_line (start 16.51 -39.37) (end -1.27 -39.37) (layer B.Fab) (width 0.1))
    (fp_line (start -1.27 -39.37) (end -1.27 2.54) (layer B.Fab) (width 0.1))
    (fp_line (start -1.27 2.54) (end 0 3.81) (layer B.Fab) (width 0.1))
    (fp_line (start 0 3.81) (end 16.51 3.81) (layer B.Fab) (width 0.1))
    (fp_line (start 16.51 3.81) (end 16.51 -39.37) (layer B.Fab) (width 0.1))
    (fp_line (start -1.53 4.06) (end 16.75 4.06) (layer B.CrtYd) (width 0.05))
    (fp_line (start -1.53 4.06) (end -1.53 -42.16) (layer B.CrtYd) (width 0.05))
    (fp_line (start 16.75 -42.16) (end 16.75 4.06) (layer B.CrtYd) (width 0.05))
    (fp_line (start 16.75 -42.16) (end -1.53 -42.16) (layer B.CrtYd) (width 0.05))
    (pad 1 thru_hole circle (at 0 0 180) (size 1.6 1.6) (drill 0.8) (layers *.Cu *.Mask)
      (net 34 /A_TX))
    (pad 17 thru_hole oval (at 15.24 -33.02 180) (size 1.6 1.6) (drill 0.8) (layers *.Cu *.Mask)
      (net 1 "Net-(A1-Pad17)"))
    (pad 2 thru_hole oval (at 0 -2.54 180) (size 1.6 1.6) (drill 0.8) (layers *.Cu *.Mask)
      (net 35 /A_RX))
    (pad 18 thru_hole oval (at 15.24 -30.48 180) (size 1.6 1.6) (drill 0.8) (layers *.Cu *.Mask)
      (net 2 "Net-(A1-Pad18)"))
    (pad 3 thru_hole oval (at 0 -5.08 180) (size 1.6 1.6) (drill 0.8) (layers *.Cu *.Mask)
      (net 3 "Net-(A1-Pad3)"))
    (pad 19 thru_hole oval (at 15.24 -27.94 180) (size 1.6 1.6) (drill 0.8) (layers *.Cu *.Mask)
      (net 4 "Net-(A1-Pad19)"))
    (pad 4 thru_hole oval (at 0 -7.62 180) (size 1.6 1.6) (drill 0.8) (layers *.Cu *.Mask)
      (net 5 GND))
    (pad 20 thru_hole oval (at 15.24 -25.4 180) (size 1.6 1.6) (drill 0.8) (layers *.Cu *.Mask)
      (net 6 "Net-(A1-Pad20)"))
    (pad 5 thru_hole oval (at 0 -10.16 180) (size 1.6 1.6) (drill 0.8) (layers *.Cu *.Mask)
      (net 36 /A_D2))
    (pad 21 thru_hole oval (at 15.24 -22.86 180) (size 1.6 1.6) (drill 0.8) (layers *.Cu *.Mask)
      (net 7 "Net-(A1-Pad21)"))
    (pad 6 thru_hole oval (at 0 -12.7 180) (size 1.6 1.6) (drill 0.8) (layers *.Cu *.Mask)
      (net 37 /A_D3))
    (pad 22 thru_hole oval (at 15.24 -20.32 180) (size 1.6 1.6) (drill 0.8) (layers *.Cu *.Mask)
      (net 8 "Net-(A1-Pad22)"))
    (pad 7 thru_hole oval (at 0 -15.24 180) (size 1.6 1.6) (drill 0.8) (layers *.Cu *.Mask)
      (net 38 /A_D4))
    (pad 23 thru_hole oval (at 15.24 -17.78 180) (size 1.6 1.6) (drill 0.8) (layers *.Cu *.Mask)
      (net 9 "Net-(A1-Pad23)"))
    (pad 8 thru_hole oval (at 0 -17.78 180) (size 1.6 1.6) (drill 0.8) (layers *.Cu *.Mask)
      (net 39 /A_D5))
    (pad 24 thru_hole oval (at 15.24 -15.24 180) (size 1.6 1.6) (drill 0.8) (layers *.Cu *.Mask)
      (net 10 "Net-(A1-Pad24)"))
    (pad 9 thru_hole oval (at 0 -20.32 180) (size 1.6 1.6) (drill 0.8) (layers *.Cu *.Mask)
      (net 40 /A_D6))
    (pad 25 thru_hole oval (at 15.24 -12.7 180) (size 1.6 1.6) (drill 0.8) (layers *.Cu *.Mask)
      (net 11 "Net-(A1-Pad25)"))
    (pad 10 thru_hole oval (at 0 -22.86 180) (size 1.6 1.6) (drill 0.8) (layers *.Cu *.Mask)
      (net 41 /A_D7))
    (pad 26 thru_hole oval (at 15.24 -10.16 180) (size 1.6 1.6) (drill 0.8) (layers *.Cu *.Mask)
      (net 12 "Net-(A1-Pad26)"))
    (pad 11 thru_hole oval (at 0 -25.4 180) (size 1.6 1.6) (drill 0.8) (layers *.Cu *.Mask)
      (net 42 /A_D8))
    (pad 27 thru_hole oval (at 15.24 -7.62 180) (size 1.6 1.6) (drill 0.8) (layers *.Cu *.Mask)
      (net 43 /+5v))
    (pad 12 thru_hole oval (at 0 -27.94 180) (size 1.6 1.6) (drill 0.8) (layers *.Cu *.Mask)
      (net 44 /A_D9))
    (pad 28 thru_hole oval (at 15.24 -5.08 180) (size 1.6 1.6) (drill 0.8) (layers *.Cu *.Mask)
      (net 13 "Net-(A1-Pad28)"))
    (pad 13 thru_hole oval (at 0 -30.48 180) (size 1.6 1.6) (drill 0.8) (layers *.Cu *.Mask)
      (net 45 /A_D10))
    (pad 29 thru_hole oval (at 15.24 -2.54 180) (size 1.6 1.6) (drill 0.8) (layers *.Cu *.Mask)
      (net 5 GND))
    (pad 14 thru_hole oval (at 0 -33.02 180) (size 1.6 1.6) (drill 0.8) (layers *.Cu *.Mask)
      (net 46 /A_D11))
    (pad 30 thru_hole oval (at 15.24 0 180) (size 1.6 1.6) (drill 0.8) (layers *.Cu *.Mask)
      (net 47 /A_VIN))
    (pad 15 thru_hole oval (at 0 -35.56 180) (size 1.6 1.6) (drill 0.8) (layers *.Cu *.Mask)
      (net 48 /A_D12))
    (pad 16 thru_hole oval (at 15.24 -35.56 180) (size 1.6 1.6) (drill 0.8) (layers *.Cu *.Mask)
      (net 49 /A_D13))
    (model ${KISYS3DMOD}/Module.3dshapes/Arduino_Nano_WithMountingHoles.wrl
      (at (xyz 0 0 0))
      (scale (xyz 1 1 1))
      (rotate (xyz 0 0 0))
    )
  )

  (module Diode_THT:D_T-1_P2.54mm_Vertical_AnodeUp (layer B.Cu) (tedit 5AE50CD5) (tstamp 5E475141)
    (at 50.292 88.392)
    (descr "Diode, T-1 series, Axial, Vertical, pin pitch=2.54mm, , length*diameter=3.2*2.6mm^2, , http://www.diodes.com/_files/packages/T-1.pdf")
    (tags "Diode T-1 series Axial Vertical pin pitch 2.54mm  length 3.2mm diameter 2.6mm")
    (path /5E470363)
    (fp_text reference 1N4148 (at 1.016 -2.54 180) (layer B.SilkS)
      (effects (font (size 1 1) (thickness 0.15)) (justify mirror))
    )
    (fp_text value 1N4148 (at 1.27 -3.498214 180) (layer B.Fab)
      (effects (font (size 1 1) (thickness 0.15)) (justify mirror))
    )
    (fp_arc (start 0 0) (end 1.210772 1) (angle 277.594921) (layer B.SilkS) (width 0.12))
    (fp_circle (center 0 0) (end 1.3 0) (layer B.Fab) (width 0.1))
    (fp_line (start 0 0) (end 2.54 0) (layer B.Fab) (width 0.1))
    (fp_line (start -1.55 1.55) (end -1.55 -1.55) (layer B.CrtYd) (width 0.05))
    (fp_line (start -1.55 -1.55) (end 3.79 -1.55) (layer B.CrtYd) (width 0.05))
    (fp_line (start 3.79 -1.55) (end 3.79 1.55) (layer B.CrtYd) (width 0.05))
    (fp_line (start 3.79 1.55) (end -1.55 1.55) (layer B.CrtYd) (width 0.05))
    (fp_text user %R (at 1.27 2.609214 180) (layer B.Fab)
      (effects (font (size 1 1) (thickness 0.15)) (justify mirror))
    )
    (fp_text user A (at 4.54 0 180) (layer B.Fab) hide
      (effects (font (size 1 1) (thickness 0.15)) (justify mirror))
    )
    (fp_text user A (at 4.54 0 180) (layer B.SilkS) hide
      (effects (font (size 1 1) (thickness 0.15)) (justify mirror))
    )
    (pad 1 thru_hole rect (at 0 0) (size 2 2) (drill 1) (layers *.Cu *.Mask)
      (net 14 "Net-(D1-Pad1)"))
    (pad 2 thru_hole oval (at 2.54 0) (size 2 2) (drill 1) (layers *.Cu *.Mask)
      (net 15 "Net-(D1-Pad2)"))
    (model ${KISYS3DMOD}/Diode_THT.3dshapes/D_T-1_P2.54mm_Vertical_AnodeUp.wrl
      (at (xyz 0 0 0))
      (scale (xyz 1 1 1))
      (rotate (xyz 0 0 0))
    )
  )

  (module LED_THT:LED_D3.0mm (layer F.Cu) (tedit 587A3A7B) (tstamp 5E475154)
    (at 72.39 38.1 180)
    (descr "LED, diameter 3.0mm, 2 pins")
    (tags "LED diameter 3.0mm 2 pins")
    (path /5E4A4D38)
    (fp_text reference LED (at 1.27 3.048) (layer F.SilkS)
      (effects (font (size 1 1) (thickness 0.15)))
    )
    (fp_text value LED (at 1.27 2.96) (layer F.Fab)
      (effects (font (size 1 1) (thickness 0.15)))
    )
    (fp_line (start 3.7 -2.25) (end -1.15 -2.25) (layer F.CrtYd) (width 0.05))
    (fp_line (start 3.7 2.25) (end 3.7 -2.25) (layer F.CrtYd) (width 0.05))
    (fp_line (start -1.15 2.25) (end 3.7 2.25) (layer F.CrtYd) (width 0.05))
    (fp_line (start -1.15 -2.25) (end -1.15 2.25) (layer F.CrtYd) (width 0.05))
    (fp_line (start -0.29 1.08) (end -0.29 1.236) (layer F.SilkS) (width 0.12))
    (fp_line (start -0.29 -1.236) (end -0.29 -1.08) (layer F.SilkS) (width 0.12))
    (fp_line (start -0.23 -1.16619) (end -0.23 1.16619) (layer F.Fab) (width 0.1))
    (fp_circle (center 1.27 0) (end 2.77 0) (layer F.Fab) (width 0.1))
    (fp_arc (start 1.27 0) (end 0.229039 1.08) (angle -87.9) (layer F.SilkS) (width 0.12))
    (fp_arc (start 1.27 0) (end 0.229039 -1.08) (angle 87.9) (layer F.SilkS) (width 0.12))
    (fp_arc (start 1.27 0) (end -0.29 1.235516) (angle -108.8) (layer F.SilkS) (width 0.12))
    (fp_arc (start 1.27 0) (end -0.29 -1.235516) (angle 108.8) (layer F.SilkS) (width 0.12))
    (fp_arc (start 1.27 0) (end -0.23 -1.16619) (angle 284.3) (layer F.Fab) (width 0.1))
    (pad 2 thru_hole circle (at 2.54 0 180) (size 1.8 1.8) (drill 0.9) (layers *.Cu *.Mask)
      (net 50 "Net-(D2-Pad2)"))
    (pad 1 thru_hole rect (at 0 0 180) (size 1.8 1.8) (drill 0.9) (layers *.Cu *.Mask)
      (net 5 GND))
    (model ${KISYS3DMOD}/LED_THT.3dshapes/LED_D3.0mm.wrl
      (at (xyz 0 0 0))
      (scale (xyz 1 1 1))
      (rotate (xyz 0 0 0))
    )
  )

  (module LED_THT:LED_D3.0mm (layer F.Cu) (tedit 587A3A7B) (tstamp 5E475167)
    (at 83.82 38.1 180)
    (descr "LED, diameter 3.0mm, 2 pins")
    (tags "LED diameter 3.0mm 2 pins")
    (path /5E4B1238)
    (fp_text reference LED (at 1.27 3.048) (layer F.SilkS)
      (effects (font (size 1 1) (thickness 0.15)))
    )
    (fp_text value LED (at 1.27 2.96) (layer F.Fab)
      (effects (font (size 1 1) (thickness 0.15)))
    )
    (fp_line (start 3.7 -2.25) (end -1.15 -2.25) (layer F.CrtYd) (width 0.05))
    (fp_line (start 3.7 2.25) (end 3.7 -2.25) (layer F.CrtYd) (width 0.05))
    (fp_line (start -1.15 2.25) (end 3.7 2.25) (layer F.CrtYd) (width 0.05))
    (fp_line (start -1.15 -2.25) (end -1.15 2.25) (layer F.CrtYd) (width 0.05))
    (fp_line (start -0.29 1.08) (end -0.29 1.236) (layer F.SilkS) (width 0.12))
    (fp_line (start -0.29 -1.236) (end -0.29 -1.08) (layer F.SilkS) (width 0.12))
    (fp_line (start -0.23 -1.16619) (end -0.23 1.16619) (layer F.Fab) (width 0.1))
    (fp_circle (center 1.27 0) (end 2.77 0) (layer F.Fab) (width 0.1))
    (fp_arc (start 1.27 0) (end 0.229039 1.08) (angle -87.9) (layer F.SilkS) (width 0.12))
    (fp_arc (start 1.27 0) (end 0.229039 -1.08) (angle 87.9) (layer F.SilkS) (width 0.12))
    (fp_arc (start 1.27 0) (end -0.29 1.235516) (angle -108.8) (layer F.SilkS) (width 0.12))
    (fp_arc (start 1.27 0) (end -0.29 -1.235516) (angle 108.8) (layer F.SilkS) (width 0.12))
    (fp_arc (start 1.27 0) (end -0.23 -1.16619) (angle 284.3) (layer F.Fab) (width 0.1))
    (pad 2 thru_hole circle (at 2.54 0 180) (size 1.8 1.8) (drill 0.9) (layers *.Cu *.Mask)
      (net 16 "Net-(D3-Pad2)"))
    (pad 1 thru_hole rect (at 0 0 180) (size 1.8 1.8) (drill 0.9) (layers *.Cu *.Mask)
      (net 5 GND))
    (model ${KISYS3DMOD}/LED_THT.3dshapes/LED_D3.0mm.wrl
      (at (xyz 0 0 0))
      (scale (xyz 1 1 1))
      (rotate (xyz 0 0 0))
    )
  )

  (module LED_THT:LED_D3.0mm (layer F.Cu) (tedit 587A3A7B) (tstamp 5E49D368)
    (at 106.68 38.1 180)
    (descr "LED, diameter 3.0mm, 2 pins")
    (tags "LED diameter 3.0mm 2 pins")
    (path /5E4DC72A)
    (fp_text reference LED (at 1.27 3.048) (layer F.SilkS)
      (effects (font (size 1 1) (thickness 0.15)))
    )
    (fp_text value LED (at 1.27 2.96) (layer F.Fab)
      (effects (font (size 1 1) (thickness 0.15)))
    )
    (fp_arc (start 1.27 0) (end -0.23 -1.16619) (angle 284.3) (layer F.Fab) (width 0.1))
    (fp_arc (start 1.27 0) (end -0.29 -1.235516) (angle 108.8) (layer F.SilkS) (width 0.12))
    (fp_arc (start 1.27 0) (end -0.29 1.235516) (angle -108.8) (layer F.SilkS) (width 0.12))
    (fp_arc (start 1.27 0) (end 0.229039 -1.08) (angle 87.9) (layer F.SilkS) (width 0.12))
    (fp_arc (start 1.27 0) (end 0.229039 1.08) (angle -87.9) (layer F.SilkS) (width 0.12))
    (fp_circle (center 1.27 0) (end 2.77 0) (layer F.Fab) (width 0.1))
    (fp_line (start -0.23 -1.16619) (end -0.23 1.16619) (layer F.Fab) (width 0.1))
    (fp_line (start -0.29 -1.236) (end -0.29 -1.08) (layer F.SilkS) (width 0.12))
    (fp_line (start -0.29 1.08) (end -0.29 1.236) (layer F.SilkS) (width 0.12))
    (fp_line (start -1.15 -2.25) (end -1.15 2.25) (layer F.CrtYd) (width 0.05))
    (fp_line (start -1.15 2.25) (end 3.7 2.25) (layer F.CrtYd) (width 0.05))
    (fp_line (start 3.7 2.25) (end 3.7 -2.25) (layer F.CrtYd) (width 0.05))
    (fp_line (start 3.7 -2.25) (end -1.15 -2.25) (layer F.CrtYd) (width 0.05))
    (pad 1 thru_hole rect (at 0 0 180) (size 1.8 1.8) (drill 0.9) (layers *.Cu *.Mask)
      (net 5 GND))
    (pad 2 thru_hole circle (at 2.54 0 180) (size 1.8 1.8) (drill 0.9) (layers *.Cu *.Mask)
      (net 17 "Net-(D4-Pad2)"))
    (model ${KISYS3DMOD}/LED_THT.3dshapes/LED_D3.0mm.wrl
      (at (xyz 0 0 0))
      (scale (xyz 1 1 1))
      (rotate (xyz 0 0 0))
    )
  )

  (module LED_THT:LED_D3.0mm (layer F.Cu) (tedit 587A3A7B) (tstamp 5E47518D)
    (at 83.82 62.23 180)
    (descr "LED, diameter 3.0mm, 2 pins")
    (tags "LED diameter 3.0mm 2 pins")
    (path /5E4EAD88)
    (fp_text reference LED (at 1.27 2.794) (layer F.SilkS)
      (effects (font (size 1 1) (thickness 0.15)))
    )
    (fp_text value LED (at 1.27 2.96) (layer F.Fab)
      (effects (font (size 1 1) (thickness 0.15)))
    )
    (fp_arc (start 1.27 0) (end -0.23 -1.16619) (angle 284.3) (layer F.Fab) (width 0.1))
    (fp_arc (start 1.27 0) (end -0.29 -1.235516) (angle 108.8) (layer F.SilkS) (width 0.12))
    (fp_arc (start 1.27 0) (end -0.29 1.235516) (angle -108.8) (layer F.SilkS) (width 0.12))
    (fp_arc (start 1.27 0) (end 0.229039 -1.08) (angle 87.9) (layer F.SilkS) (width 0.12))
    (fp_arc (start 1.27 0) (end 0.229039 1.08) (angle -87.9) (layer F.SilkS) (width 0.12))
    (fp_circle (center 1.27 0) (end 2.77 0) (layer F.Fab) (width 0.1))
    (fp_line (start -0.23 -1.16619) (end -0.23 1.16619) (layer F.Fab) (width 0.1))
    (fp_line (start -0.29 -1.236) (end -0.29 -1.08) (layer F.SilkS) (width 0.12))
    (fp_line (start -0.29 1.08) (end -0.29 1.236) (layer F.SilkS) (width 0.12))
    (fp_line (start -1.15 -2.25) (end -1.15 2.25) (layer F.CrtYd) (width 0.05))
    (fp_line (start -1.15 2.25) (end 3.7 2.25) (layer F.CrtYd) (width 0.05))
    (fp_line (start 3.7 2.25) (end 3.7 -2.25) (layer F.CrtYd) (width 0.05))
    (fp_line (start 3.7 -2.25) (end -1.15 -2.25) (layer F.CrtYd) (width 0.05))
    (pad 1 thru_hole rect (at 0 0 180) (size 1.8 1.8) (drill 0.9) (layers *.Cu *.Mask)
      (net 5 GND))
    (pad 2 thru_hole circle (at 2.54 0 180) (size 1.8 1.8) (drill 0.9) (layers *.Cu *.Mask)
      (net 18 "Net-(D5-Pad2)"))
    (model ${KISYS3DMOD}/LED_THT.3dshapes/LED_D3.0mm.wrl
      (at (xyz 0 0 0))
      (scale (xyz 1 1 1))
      (rotate (xyz 0 0 0))
    )
  )

  (module LED_THT:LED_D3.0mm (layer F.Cu) (tedit 587A3A7B) (tstamp 5E4751A0)
    (at 95.25 38.1 180)
    (descr "LED, diameter 3.0mm, 2 pins")
    (tags "LED diameter 3.0mm 2 pins")
    (path /5E4CFA6C)
    (fp_text reference LED (at 1.27 3.048) (layer F.SilkS)
      (effects (font (size 1 1) (thickness 0.15)))
    )
    (fp_text value LED (at 1.27 2.96) (layer F.Fab)
      (effects (font (size 1 1) (thickness 0.15)))
    )
    (fp_line (start 3.7 -2.25) (end -1.15 -2.25) (layer F.CrtYd) (width 0.05))
    (fp_line (start 3.7 2.25) (end 3.7 -2.25) (layer F.CrtYd) (width 0.05))
    (fp_line (start -1.15 2.25) (end 3.7 2.25) (layer F.CrtYd) (width 0.05))
    (fp_line (start -1.15 -2.25) (end -1.15 2.25) (layer F.CrtYd) (width 0.05))
    (fp_line (start -0.29 1.08) (end -0.29 1.236) (layer F.SilkS) (width 0.12))
    (fp_line (start -0.29 -1.236) (end -0.29 -1.08) (layer F.SilkS) (width 0.12))
    (fp_line (start -0.23 -1.16619) (end -0.23 1.16619) (layer F.Fab) (width 0.1))
    (fp_circle (center 1.27 0) (end 2.77 0) (layer F.Fab) (width 0.1))
    (fp_arc (start 1.27 0) (end 0.229039 1.08) (angle -87.9) (layer F.SilkS) (width 0.12))
    (fp_arc (start 1.27 0) (end 0.229039 -1.08) (angle 87.9) (layer F.SilkS) (width 0.12))
    (fp_arc (start 1.27 0) (end -0.29 1.235516) (angle -108.8) (layer F.SilkS) (width 0.12))
    (fp_arc (start 1.27 0) (end -0.29 -1.235516) (angle 108.8) (layer F.SilkS) (width 0.12))
    (fp_arc (start 1.27 0) (end -0.23 -1.16619) (angle 284.3) (layer F.Fab) (width 0.1))
    (pad 2 thru_hole circle (at 2.54 0 180) (size 1.8 1.8) (drill 0.9) (layers *.Cu *.Mask)
      (net 19 "Net-(D6-Pad2)"))
    (pad 1 thru_hole rect (at 0 0 180) (size 1.8 1.8) (drill 0.9) (layers *.Cu *.Mask)
      (net 5 GND))
    (model ${KISYS3DMOD}/LED_THT.3dshapes/LED_D3.0mm.wrl
      (at (xyz 0 0 0))
      (scale (xyz 1 1 1))
      (rotate (xyz 0 0 0))
    )
  )

  (module LED_THT:LED_D3.0mm (layer F.Cu) (tedit 587A3A7B) (tstamp 5E4751B3)
    (at 72.39 62.23 180)
    (descr "LED, diameter 3.0mm, 2 pins")
    (tags "LED diameter 3.0mm 2 pins")
    (path /5E4E94D6)
    (fp_text reference LED (at 1.27 2.794) (layer F.SilkS)
      (effects (font (size 1 1) (thickness 0.15)))
    )
    (fp_text value LED (at 1.27 2.96) (layer F.Fab)
      (effects (font (size 1 1) (thickness 0.15)))
    )
    (fp_arc (start 1.27 0) (end -0.23 -1.16619) (angle 284.3) (layer F.Fab) (width 0.1))
    (fp_arc (start 1.27 0) (end -0.29 -1.235516) (angle 108.8) (layer F.SilkS) (width 0.12))
    (fp_arc (start 1.27 0) (end -0.29 1.235516) (angle -108.8) (layer F.SilkS) (width 0.12))
    (fp_arc (start 1.27 0) (end 0.229039 -1.08) (angle 87.9) (layer F.SilkS) (width 0.12))
    (fp_arc (start 1.27 0) (end 0.229039 1.08) (angle -87.9) (layer F.SilkS) (width 0.12))
    (fp_circle (center 1.27 0) (end 2.77 0) (layer F.Fab) (width 0.1))
    (fp_line (start -0.23 -1.16619) (end -0.23 1.16619) (layer F.Fab) (width 0.1))
    (fp_line (start -0.29 -1.236) (end -0.29 -1.08) (layer F.SilkS) (width 0.12))
    (fp_line (start -0.29 1.08) (end -0.29 1.236) (layer F.SilkS) (width 0.12))
    (fp_line (start -1.15 -2.25) (end -1.15 2.25) (layer F.CrtYd) (width 0.05))
    (fp_line (start -1.15 2.25) (end 3.7 2.25) (layer F.CrtYd) (width 0.05))
    (fp_line (start 3.7 2.25) (end 3.7 -2.25) (layer F.CrtYd) (width 0.05))
    (fp_line (start 3.7 -2.25) (end -1.15 -2.25) (layer F.CrtYd) (width 0.05))
    (pad 1 thru_hole rect (at 0 0 180) (size 1.8 1.8) (drill 0.9) (layers *.Cu *.Mask)
      (net 5 GND))
    (pad 2 thru_hole circle (at 2.54 0 180) (size 1.8 1.8) (drill 0.9) (layers *.Cu *.Mask)
      (net 20 "Net-(D7-Pad2)"))
    (model ${KISYS3DMOD}/LED_THT.3dshapes/LED_D3.0mm.wrl
      (at (xyz 0 0 0))
      (scale (xyz 1 1 1))
      (rotate (xyz 0 0 0))
    )
  )

  (module LED_THT:LED_D3.0mm (layer F.Cu) (tedit 587A3A7B) (tstamp 5E477E62)
    (at 106.68 62.23 180)
    (descr "LED, diameter 3.0mm, 2 pins")
    (tags "LED diameter 3.0mm 2 pins")
    (path /5E50CC56)
    (fp_text reference LED (at 1.27 2.794) (layer F.SilkS)
      (effects (font (size 1 1) (thickness 0.15)))
    )
    (fp_text value LED (at 1.27 2.96) (layer F.Fab)
      (effects (font (size 1 1) (thickness 0.15)))
    )
    (fp_arc (start 1.27 0) (end -0.23 -1.16619) (angle 284.3) (layer F.Fab) (width 0.1))
    (fp_arc (start 1.27 0) (end -0.29 -1.235516) (angle 108.8) (layer F.SilkS) (width 0.12))
    (fp_arc (start 1.27 0) (end -0.29 1.235516) (angle -108.8) (layer F.SilkS) (width 0.12))
    (fp_arc (start 1.27 0) (end 0.229039 -1.08) (angle 87.9) (layer F.SilkS) (width 0.12))
    (fp_arc (start 1.27 0) (end 0.229039 1.08) (angle -87.9) (layer F.SilkS) (width 0.12))
    (fp_circle (center 1.27 0) (end 2.77 0) (layer F.Fab) (width 0.1))
    (fp_line (start -0.23 -1.16619) (end -0.23 1.16619) (layer F.Fab) (width 0.1))
    (fp_line (start -0.29 -1.236) (end -0.29 -1.08) (layer F.SilkS) (width 0.12))
    (fp_line (start -0.29 1.08) (end -0.29 1.236) (layer F.SilkS) (width 0.12))
    (fp_line (start -1.15 -2.25) (end -1.15 2.25) (layer F.CrtYd) (width 0.05))
    (fp_line (start -1.15 2.25) (end 3.7 2.25) (layer F.CrtYd) (width 0.05))
    (fp_line (start 3.7 2.25) (end 3.7 -2.25) (layer F.CrtYd) (width 0.05))
    (fp_line (start 3.7 -2.25) (end -1.15 -2.25) (layer F.CrtYd) (width 0.05))
    (pad 1 thru_hole rect (at 0 0 180) (size 1.8 1.8) (drill 0.9) (layers *.Cu *.Mask)
      (net 5 GND))
    (pad 2 thru_hole circle (at 2.54 0 180) (size 1.8 1.8) (drill 0.9) (layers *.Cu *.Mask)
      (net 21 "Net-(D8-Pad2)"))
    (model ${KISYS3DMOD}/LED_THT.3dshapes/LED_D3.0mm.wrl
      (at (xyz 0 0 0))
      (scale (xyz 1 1 1))
      (rotate (xyz 0 0 0))
    )
  )

  (module LED_THT:LED_D3.0mm (layer F.Cu) (tedit 587A3A7B) (tstamp 5E4751D9)
    (at 95.25 62.23 180)
    (descr "LED, diameter 3.0mm, 2 pins")
    (tags "LED diameter 3.0mm 2 pins")
    (path /5E50D9F2)
    (fp_text reference LED (at 1.27 2.794) (layer F.SilkS)
      (effects (font (size 1 1) (thickness 0.15)))
    )
    (fp_text value LED (at 1.27 2.96) (layer F.Fab)
      (effects (font (size 1 1) (thickness 0.15)))
    )
    (fp_line (start 3.7 -2.25) (end -1.15 -2.25) (layer F.CrtYd) (width 0.05))
    (fp_line (start 3.7 2.25) (end 3.7 -2.25) (layer F.CrtYd) (width 0.05))
    (fp_line (start -1.15 2.25) (end 3.7 2.25) (layer F.CrtYd) (width 0.05))
    (fp_line (start -1.15 -2.25) (end -1.15 2.25) (layer F.CrtYd) (width 0.05))
    (fp_line (start -0.29 1.08) (end -0.29 1.236) (layer F.SilkS) (width 0.12))
    (fp_line (start -0.29 -1.236) (end -0.29 -1.08) (layer F.SilkS) (width 0.12))
    (fp_line (start -0.23 -1.16619) (end -0.23 1.16619) (layer F.Fab) (width 0.1))
    (fp_circle (center 1.27 0) (end 2.77 0) (layer F.Fab) (width 0.1))
    (fp_arc (start 1.27 0) (end 0.229039 1.08) (angle -87.9) (layer F.SilkS) (width 0.12))
    (fp_arc (start 1.27 0) (end 0.229039 -1.08) (angle 87.9) (layer F.SilkS) (width 0.12))
    (fp_arc (start 1.27 0) (end -0.29 1.235516) (angle -108.8) (layer F.SilkS) (width 0.12))
    (fp_arc (start 1.27 0) (end -0.29 -1.235516) (angle 108.8) (layer F.SilkS) (width 0.12))
    (fp_arc (start 1.27 0) (end -0.23 -1.16619) (angle 284.3) (layer F.Fab) (width 0.1))
    (pad 2 thru_hole circle (at 2.54 0 180) (size 1.8 1.8) (drill 0.9) (layers *.Cu *.Mask)
      (net 22 "Net-(D9-Pad2)"))
    (pad 1 thru_hole rect (at 0 0 180) (size 1.8 1.8) (drill 0.9) (layers *.Cu *.Mask)
      (net 5 GND))
    (model ${KISYS3DMOD}/LED_THT.3dshapes/LED_D3.0mm.wrl
      (at (xyz 0 0 0))
      (scale (xyz 1 1 1))
      (rotate (xyz 0 0 0))
    )
  )

  (module LED_THT:LED_D3.0mm (layer F.Cu) (tedit 587A3A7B) (tstamp 5E4751EC)
    (at 95.25 87.63 180)
    (descr "LED, diameter 3.0mm, 2 pins")
    (tags "LED diameter 3.0mm 2 pins")
    (path /5E53F6EF)
    (fp_text reference LED (at 1.27 2.794) (layer F.SilkS)
      (effects (font (size 1 1) (thickness 0.15)))
    )
    (fp_text value LED (at 1.27 2.96) (layer F.Fab)
      (effects (font (size 1 1) (thickness 0.15)))
    )
    (fp_arc (start 1.27 0) (end -0.23 -1.16619) (angle 284.3) (layer F.Fab) (width 0.1))
    (fp_arc (start 1.27 0) (end -0.29 -1.235516) (angle 108.8) (layer F.SilkS) (width 0.12))
    (fp_arc (start 1.27 0) (end -0.29 1.235516) (angle -108.8) (layer F.SilkS) (width 0.12))
    (fp_arc (start 1.27 0) (end 0.229039 -1.08) (angle 87.9) (layer F.SilkS) (width 0.12))
    (fp_arc (start 1.27 0) (end 0.229039 1.08) (angle -87.9) (layer F.SilkS) (width 0.12))
    (fp_circle (center 1.27 0) (end 2.77 0) (layer F.Fab) (width 0.1))
    (fp_line (start -0.23 -1.16619) (end -0.23 1.16619) (layer F.Fab) (width 0.1))
    (fp_line (start -0.29 -1.236) (end -0.29 -1.08) (layer F.SilkS) (width 0.12))
    (fp_line (start -0.29 1.08) (end -0.29 1.236) (layer F.SilkS) (width 0.12))
    (fp_line (start -1.15 -2.25) (end -1.15 2.25) (layer F.CrtYd) (width 0.05))
    (fp_line (start -1.15 2.25) (end 3.7 2.25) (layer F.CrtYd) (width 0.05))
    (fp_line (start 3.7 2.25) (end 3.7 -2.25) (layer F.CrtYd) (width 0.05))
    (fp_line (start 3.7 -2.25) (end -1.15 -2.25) (layer F.CrtYd) (width 0.05))
    (pad 1 thru_hole rect (at 0 0 180) (size 1.8 1.8) (drill 0.9) (layers *.Cu *.Mask)
      (net 5 GND))
    (pad 2 thru_hole circle (at 2.54 0 180) (size 1.8 1.8) (drill 0.9) (layers *.Cu *.Mask)
      (net 23 "Net-(D10-Pad2)"))
    (model ${KISYS3DMOD}/LED_THT.3dshapes/LED_D3.0mm.wrl
      (at (xyz 0 0 0))
      (scale (xyz 1 1 1))
      (rotate (xyz 0 0 0))
    )
  )

  (module LED_THT:LED_D3.0mm (layer F.Cu) (tedit 587A3A7B) (tstamp 5E4751FF)
    (at 72.39 87.63 180)
    (descr "LED, diameter 3.0mm, 2 pins")
    (tags "LED diameter 3.0mm 2 pins")
    (path /5E540B94)
    (fp_text reference LED (at 1.27 2.794) (layer F.SilkS)
      (effects (font (size 1 1) (thickness 0.15)))
    )
    (fp_text value LED (at 1.27 2.96) (layer F.Fab)
      (effects (font (size 1 1) (thickness 0.15)))
    )
    (fp_line (start 3.7 -2.25) (end -1.15 -2.25) (layer F.CrtYd) (width 0.05))
    (fp_line (start 3.7 2.25) (end 3.7 -2.25) (layer F.CrtYd) (width 0.05))
    (fp_line (start -1.15 2.25) (end 3.7 2.25) (layer F.CrtYd) (width 0.05))
    (fp_line (start -1.15 -2.25) (end -1.15 2.25) (layer F.CrtYd) (width 0.05))
    (fp_line (start -0.29 1.08) (end -0.29 1.236) (layer F.SilkS) (width 0.12))
    (fp_line (start -0.29 -1.236) (end -0.29 -1.08) (layer F.SilkS) (width 0.12))
    (fp_line (start -0.23 -1.16619) (end -0.23 1.16619) (layer F.Fab) (width 0.1))
    (fp_circle (center 1.27 0) (end 2.77 0) (layer F.Fab) (width 0.1))
    (fp_arc (start 1.27 0) (end 0.229039 1.08) (angle -87.9) (layer F.SilkS) (width 0.12))
    (fp_arc (start 1.27 0) (end 0.229039 -1.08) (angle 87.9) (layer F.SilkS) (width 0.12))
    (fp_arc (start 1.27 0) (end -0.29 1.235516) (angle -108.8) (layer F.SilkS) (width 0.12))
    (fp_arc (start 1.27 0) (end -0.29 -1.235516) (angle 108.8) (layer F.SilkS) (width 0.12))
    (fp_arc (start 1.27 0) (end -0.23 -1.16619) (angle 284.3) (layer F.Fab) (width 0.1))
    (pad 2 thru_hole circle (at 2.54 0 180) (size 1.8 1.8) (drill 0.9) (layers *.Cu *.Mask)
      (net 24 "Net-(D11-Pad2)"))
    (pad 1 thru_hole rect (at 0 0 180) (size 1.8 1.8) (drill 0.9) (layers *.Cu *.Mask)
      (net 5 GND))
    (model ${KISYS3DMOD}/LED_THT.3dshapes/LED_D3.0mm.wrl
      (at (xyz 0 0 0))
      (scale (xyz 1 1 1))
      (rotate (xyz 0 0 0))
    )
  )

  (module LED_THT:LED_D3.0mm (layer F.Cu) (tedit 587A3A7B) (tstamp 5E475212)
    (at 106.68 87.63 180)
    (descr "LED, diameter 3.0mm, 2 pins")
    (tags "LED diameter 3.0mm 2 pins")
    (path /5E53AECB)
    (fp_text reference LED (at 1.27 2.794) (layer F.SilkS)
      (effects (font (size 1 1) (thickness 0.15)))
    )
    (fp_text value LED (at 1.27 2.96) (layer F.Fab)
      (effects (font (size 1 1) (thickness 0.15)))
    )
    (fp_arc (start 1.27 0) (end -0.23 -1.16619) (angle 284.3) (layer F.Fab) (width 0.1))
    (fp_arc (start 1.27 0) (end -0.29 -1.235516) (angle 108.8) (layer F.SilkS) (width 0.12))
    (fp_arc (start 1.27 0) (end -0.29 1.235516) (angle -108.8) (layer F.SilkS) (width 0.12))
    (fp_arc (start 1.27 0) (end 0.229039 -1.08) (angle 87.9) (layer F.SilkS) (width 0.12))
    (fp_arc (start 1.27 0) (end 0.229039 1.08) (angle -87.9) (layer F.SilkS) (width 0.12))
    (fp_circle (center 1.27 0) (end 2.77 0) (layer F.Fab) (width 0.1))
    (fp_line (start -0.23 -1.16619) (end -0.23 1.16619) (layer F.Fab) (width 0.1))
    (fp_line (start -0.29 -1.236) (end -0.29 -1.08) (layer F.SilkS) (width 0.12))
    (fp_line (start -0.29 1.08) (end -0.29 1.236) (layer F.SilkS) (width 0.12))
    (fp_line (start -1.15 -2.25) (end -1.15 2.25) (layer F.CrtYd) (width 0.05))
    (fp_line (start -1.15 2.25) (end 3.7 2.25) (layer F.CrtYd) (width 0.05))
    (fp_line (start 3.7 2.25) (end 3.7 -2.25) (layer F.CrtYd) (width 0.05))
    (fp_line (start 3.7 -2.25) (end -1.15 -2.25) (layer F.CrtYd) (width 0.05))
    (pad 1 thru_hole rect (at 0 0 180) (size 1.8 1.8) (drill 0.9) (layers *.Cu *.Mask)
      (net 5 GND))
    (pad 2 thru_hole circle (at 2.54 0 180) (size 1.8 1.8) (drill 0.9) (layers *.Cu *.Mask)
      (net 25 "Net-(D12-Pad2)"))
    (model ${KISYS3DMOD}/LED_THT.3dshapes/LED_D3.0mm.wrl
      (at (xyz 0 0 0))
      (scale (xyz 1 1 1))
